"0","library(alr4)"
"0","library(smss)"
"0","library(ggplot2)"
"0","library(dplyr)"
"0","library(leaps)"
"0","library(MASS)"
"0","library(olsrr)"
